
SoundOn = [60; 59; 58; 57; 55; 54 ; 52; 49];
SoundOff = [3; 3 ; 2.8; 2.7; 2.6; 2.6; 2.5; 2.5; 2.4];
f = 1000;
Direct = 68;
Bckgrnd = 4;
x = 4;
y = 2;
z = 3;










